,Id,Time,Day,Latitude,Longitude,Total,Percent,Rate,Score
0,511,Morning,Mon,40.72938,-73.97773,33,0.02,-22,0.9980952380952381
1,445,Morning,Mon,40.7274,-73.98143,42,0.03,-21,0.9590476190476191
2,394,Morning,Mon,40.72521,-73.97769,32,0.01,-10,0.7895238095238095
3,3178,Morning,Mon,40.78414,-73.98363,39,0.0,-5,0.7142857142857144
4,393,Morning,Mon,40.72299,-73.97996,31,0.0,-5,0.7142857142857144
5,473,Morning,Mon,40.7211,-73.99193,38,0.0,-5,0.7142857142857144
6,356,Morning,Mon,40.71622,-73.98262,23,0.0,-4,0.6952380952380952
7,349,Morning,Mon,40.7185,-73.9833,23,0.0,-4,0.6952380952380952
8,3341,Morning,Mon,40.79534,-73.96186,59,0.0,-4,0.6952380952380952
9,265,Morning,Mon,40.72229,-73.99148,35,0.0,-4,0.6952380952380952
10,3166,Morning,Mon,40.78057,-73.98563,41,0.0,-4,0.6952380952380952
11,433,Morning,Mon,40.72955,-73.98058,39,0.02,-6,0.6933333333333334
12,410,Morning,Mon,40.72066,-73.98518,35,0.02,-6,0.6933333333333334
13,530,Morning,Mon,40.77152,-73.99055,36,0.02,-6,0.6933333333333334
14,3161,Morning,Mon,40.78018,-73.97729,59,0.0,-3,0.6761904761904762
15,481,Morning,Mon,40.7126,-73.96265,25,0.0,-3,0.6761904761904762
16,302,Morning,Mon,40.72082,-73.97794,23,0.0,-3,0.6761904761904762
17,502,Morning,Mon,40.71421,-73.98135,30,0.0,-3,0.6761904761904762
18,531,Morning,Mon,40.71893,-73.99267,39,0.0,-3,0.6761904761904762
19,3150,Morning,Mon,40.77536,-73.94804,47,0.0,-3,0.6761904761904762
20,301,Morning,Mon,40.72217,-73.98369,37,0.0,-3,0.6761904761904762
21,3140,Morning,Mon,40.7714,-73.95352,55,0.0,-2,0.6571428571428573
22,406,Morning,Mon,40.69512,-73.99596,34,0.0,-2,0.6571428571428573
23,3151,Morning,Mon,40.77283,-73.9499,31,0.0,-2,0.6571428571428573
24,266,Morning,Mon,40.72368,-73.97575,24,0.0,-2,0.6571428571428573
25,312,Morning,Mon,40.72205,-73.98912,31,0.0,-2,0.6571428571428573
26,317,Morning,Mon,40.72453,-73.98186,27,0.01,-3,0.6561904761904762
27,3157,Morning,Mon,40.77518,-73.94447,27,0.01,-3,0.6561904761904762
28,339,Morning,Mon,40.7258,-73.97423,24,0.01,-3,0.6561904761904762
29,438,Morning,Mon,40.72779,-73.98565,27,0.01,-3,0.6561904761904762
30,284,Morning,Mon,40.73901,-74.00264,43,0.02,-4,0.6552380952380953
31,3170,Morning,Mon,40.78499,-73.97284,35,0.02,-4,0.6552380952380953
32,3396,Morning,Mon,40.67835,-74.00015,25,0.0,-2,0.6510552084768373
33,507,Morning,Mon,40.73912,-73.97974,47,0.07,-9,0.6504761904761904
34,3365,Morning,Mon,40.67038,-73.9784,27,0.0,-1,0.638095238095238
35,3386,Morning,Mon,40.68095,-73.99906,27,0.0,-1,0.638095238095238
36,3080,Morning,Mon,40.70933,-73.95608,21,0.0,-1,0.638095238095238
37,3106,Morning,Mon,40.72325,-73.94308,19,0.0,-1,0.638095238095238
38,3054,Morning,Mon,40.68949,-73.94207,19,0.0,-1,0.638095238095238
39,174,Morning,Mon,40.73817,-73.97739,30,0.0,-1,0.638095238095238
40,120,Morning,Mon,40.68676,-73.95929,19,0.0,-1,0.638095238095238
41,3301,Morning,Mon,40.79195,-73.96809,39,0.0,-1,0.638095238095238
42,3390,Morning,Mon,40.79329,-73.94321,24,0.0,-1,0.638095238095238
43,3361,Morning,Mon,40.67408,-73.97873,23,0.0,-1,0.638095238095238
44,3238,Morning,Mon,40.77391,-73.9544,37,0.0,-1,0.638095238095238
45,350,Morning,Mon,40.71559,-73.98703,28,0.0,-1,0.638095238095238
46,366,Morning,Mon,40.69326,-73.9689,33,0.0,-1,0.638095238095238
47,3388,Morning,Mon,40.6828,-73.99991,25,0.0,-1,0.638095238095238
48,3077,Morning,Mon,40.70877,-73.95096,33,0.0,-1,0.638095238095238
49,3108,Morning,Mon,40.72556,-73.94434,24,0.0,-1,0.638095238095238
50,400,Morning,Mon,40.71926,-73.98179,15,0.0,-1,0.638095238095238
51,3290,Morning,Mon,40.77794,-73.94605,35,0.0,-1,0.638095238095238
52,332,Morning,Mon,40.71219,-73.97949,24,0.0,-1,0.638095238095238
53,3368,Morning,Mon,40.67281,-73.98353,30,0.01,-2,0.6371428571428572
54,478,Morning,Mon,40.7603,-73.99885,31,0.01,-2,0.6371428571428572
55,2009,Morning,Mon,40.71117,-73.99683,35,0.01,-2,0.6371428571428572
56,3144,Morning,Mon,40.77677,-73.95901,46,0.01,-2,0.6371428571428572
57,3175,Morning,Mon,40.77748,-73.98289,31,0.01,-2,0.6371428571428572
58,361,Morning,Mon,40.71605,-73.99191,43,0.02,-3,0.6361904761904762
59,3288,Morning,Mon,40.7783,-73.94882,39,0.02,-3,0.6361904761904762
60,3148,Morning,Mon,40.77565,-73.95069,27,0.02,-3,0.6361904761904762
61,3169,Morning,Mon,40.7872,-73.98129,39,0.02,-3,0.6361904761904762
62,3265,Morning,Mon,40.72456,-73.98945,31,0.02,-3,0.6361904761904762
63,3374,Morning,Mon,40.79948,-73.95562,36,0.03,-4,0.6352380952380953
64,408,Morning,Mon,40.71076,-73.99401,23,0.0,-3,0.6184648589861999
65,3408,Morning,Mon,40.68815,-73.99521,27,0.01,-1,0.618095238095238
66,419,Morning,Mon,40.6958,-73.97356,23,0.01,-1,0.618095238095238
67,423,Morning,Mon,40.76584,-73.98691,39,0.01,-1,0.618095238095238
68,3354,Morning,Mon,40.66813,-73.97364,31,0.01,-1,0.618095238095238
69,3283,Morning,Mon,40.78822,-73.97042,43,0.01,-1,0.618095238095238
70,244,Morning,Mon,40.69196,-73.96537,31,0.01,-1,0.618095238095238
71,291,Morning,Mon,40.71312,-73.98485,20,0.01,-1,0.618095238095238
72,150,Morning,Mon,40.72087,-73.98086,31,0.01,-1,0.618095238095238
73,3430,Morning,Mon,40.71907,-73.94224,19,0.01,-1,0.618095238095238
74,3100,Morning,Mon,40.72481,-73.94753,39,0.01,-1,0.618095238095238
75,3423,Morning,Mon,40.66106,-73.97946,29,0.01,-1,0.618095238095238
76,3293,Morning,Mon,40.7921,-73.9739,24,0.01,-1,0.618095238095238
77,3111,Morning,Mon,40.72584,-73.95065,25,0.01,-1,0.618095238095238
78,411,Morning,Mon,40.72228,-73.97669,23,0.01,-1,0.618095238095238
79,3177,Morning,Mon,40.78679,-73.97712,63,0.02,-2,0.6171428571428572
80,342,Morning,Mon,40.71739,-73.98017,29,0.02,-2,0.6171428571428572
81,3116,Morning,Mon,40.73266,-73.95826,35,0.02,-2,0.6171428571428572
82,420,Morning,Mon,40.68764,-73.96969,23,0.02,-2,0.6171428571428572
83,311,Morning,Mon,40.71722,-73.98803,31,0.02,-2,0.6171428571428572
84,3315,Morning,Mon,40.68475,-73.99918,23,0.0,-1,0.6029375870233287
85,3072,Morning,Mon,40.70583,-73.94645,24,0.02,-1,0.5980952380952382
86,3314,Morning,Mon,40.79377,-73.97189,32,0.02,-1,0.5980952380952382
87,241,Morning,Mon,40.68981,-73.97494,23,0.02,-1,0.5980952380952382
88,515,Morning,Mon,40.76009,-73.99462,35,0.02,-1,0.5980952380952382
89,3076,Morning,Mon,40.7087,-73.94487,24,0.02,-1,0.5980952380952382
90,340,Morning,Mon,40.71269,-73.98777,27,0.02,-1,0.5980952380952382
91,326,Morning,Mon,40.72953,-73.98427,27,0.03,-2,0.5971428571428572
92,3331,Morning,Mon,40.80134,-73.97115,39,0.03,-2,0.5971428571428572
93,237,Morning,Mon,40.73047,-73.98673,39,0.03,-2,0.5971428571428572
94,3307,Morning,Mon,40.79416,-73.97413,31,0.03,-1,0.5780952380952382
95,3350,Morning,Mon,40.79737,-73.97042,39,0.03,-1,0.5780952380952382
96,341,Morning,Mon,40.71782,-73.97629,19,0.03,-1,0.5780952380952382
97,3147,Morning,Mon,40.77801,-73.95408,39,0.03,-1,0.5780952380952382
98,3298,Morning,Mon,40.68637,-73.99384,23,0.03,-1,0.5780952380952382
99,72,Morning,Mon,40.76727,-73.99393,39,0.03,-1,0.5780952380952382
100,495,Morning,Mon,40.76269,-73.99302,25,0.04,-2,0.5771428571428572
101,3173,Morning,Mon,40.7775,-73.98889,43,0.04,-2,0.5771428571428572
102,401,Morning,Mon,40.72019,-73.98998,42,0.05,-3,0.5761904761904763
103,450,Morning,Mon,40.76227,-73.98789,59,0.05,-3,0.5761904761904763
104,461,Morning,Mon,40.73587,-73.98206,39,0.05,-3,0.5761904761904763
105,325,Morning,Mon,40.73624,-73.98474,35,0.05,-3,0.5761904761904763
106,514,Morning,Mon,40.76087,-74.00278,53,0.05,-10,0.575743142048714
107,3156,Morning,Mon,40.76663,-73.95349,39,0.06,-4,0.5752380952380953
108,448,Morning,Mon,40.7566,-73.99791,31,0.04,-1,0.5580952380952382
109,3107,Morning,Mon,40.72311,-73.95213,39,0.04,-1,0.5580952380952382
110,365,Morning,Mon,40.68223,-73.96146,31,0.04,-1,0.5580952380952382
111,344,Morning,Mon,40.68514,-73.95381,23,0.04,-1,0.5580952380952382
112,3431,Morning,Mon,40.74652,-73.97789,26,0.04,-1,0.5580952380952382
113,454,Morning,Mon,40.75455,-73.96593,35,0.04,-1,0.5580952380952382
114,3303,Morning,Mon,40.68498,-73.99441,25,0.04,-1,0.5580952380952382
115,499,Morning,Mon,40.76915,-73.98192,36,0.04,-1,0.5580952380952382
116,236,Morning,Mon,40.72841,-73.98714,39,0.05,-2,0.5571428571428572
117,480,Morning,Mon,40.76669,-73.99062,27,0.05,-2,0.5571428571428572
118,3146,Morning,Mon,40.77573,-73.95676,47,0.05,-2,0.5571428571428572
119,295,Morning,Mon,40.71406,-73.99294,24,0.02,-3,0.5516244399961822
120,3110,Morning,Mon,40.72708,-73.953,27,0.05,-1,0.5380952380952382
121,476,Morning,Mon,40.74394,-73.97967,47,0.05,-1,0.5380952380952382
122,3113,Morning,Mon,40.73026,-73.95394,27,0.05,-1,0.5380952380952382
123,247,Morning,Mon,40.73535,-74.00484,20,0.05,-1,0.5380952380952382
124,3052,Morning,Mon,40.68631,-73.93578,23,0.06,-2,0.5371428571428571
125,3305,Morning,Mon,40.78112,-73.94966,39,0.06,-2,0.5371428571428571
126,519,Morning,Mon,40.75187,-73.97771,61,0.06,-2,0.5371428571428571
127,3145,Morning,Mon,40.77862,-73.95773,45,0.07,-3,0.5361904761904762
128,517,Morning,Mon,40.75158,-73.97791,59,0.07,-3,0.5361904761904762
129,331,Morning,Mon,40.71173,-73.99194,27,0.02,-3,0.5325232328214752
130,238,Morning,Mon,40.73619,-74.0086,31,0.06,-1,0.5180952380952382
131,422,Morning,Mon,40.77051,-73.98804,55,0.07,-2,0.5171428571428571
132,447,Morning,Mon,40.7637,-73.98517,31,0.07,-1,0.4980952380952381
133,245,Morning,Mon,40.69327,-73.97704,23,0.07,-1,0.4980952380952381
134,513,Morning,Mon,40.76825,-73.98864,27,0.07,-1,0.4980952380952381
135,3102,Morning,Mon,40.72179,-73.95042,27,0.07,-1,0.4980952380952381
136,532,Morning,Mon,40.71045,-73.96088,43,0.09,-3,0.49619047619047624
137,3095,Morning,Mon,40.71929,-73.94501,23,0.03,-1,0.4891312682832102
138,282,Morning,Mon,40.70764,-73.96842,27,0.08,-1,0.47809523809523813
139,509,Morning,Mon,40.74549,-74.00198,36,0.08,-1,0.47809523809523813
140,3070,Morning,Mon,40.7051,-73.94408,23,0.08,-1,0.47809523809523813
141,470,Morning,Mon,40.74345,-74.00005,37,0.09,-2,0.4771428571428572
142,3098,Morning,Mon,40.71928,-73.94861,43,0.06,-1,0.476953665633425
143,296,Morning,Mon,40.71413,-73.99705,35,0.09,-1,0.45809523809523817
144,358,Morning,Mon,40.73291,-74.00712,36,0.09,-1,0.45809523809523817
145,396,Morning,Mon,40.68034,-73.95577,25,0.09,-1,0.45809523809523817
146,508,Morning,Mon,40.76341,-73.99668,24,0.09,-1,0.45809523809523817
147,3325,Morning,Mon,40.7849,-73.95051,31,0.1,-1,0.4380952380952381
148,364,Morning,Mon,40.689,-73.96024,27,0.1,-1,0.4380952380952381
149,354,Morning,Mon,40.69363,-73.96224,23,0.1,-1,0.4380952380952381
150,261,Morning,Mon,40.69474,-73.98363,27,0.11,-2,0.43714285714285717
151,483,Morning,Mon,40.73223,-73.9889,35,0.12,-1,0.39809523809523817
152,380,Morning,Mon,40.73401,-74.00294,39,0.14,-2,0.37714285714285717
153,384,Morning,Mon,40.68304,-73.96492,31,0.15,-3,0.37619047619047624
154,3389,Morning,Mon,40.68304,-74.00349,28,0.13,-1,0.35856684250989257
155,3416,Morning,Mon,40.67761,-73.97325,17,0.14,-1,0.35809523809523813
156,3292,Morning,Mon,40.78578,-73.95749,43,0.16,-2,0.3371428571428572
157,399,Morning,Mon,40.68851,-73.96477,27,0.18,-1,0.2780952380952382
